659 128 2 2 2 2 2 2 2 2 2 2 2 2 2 2 2 2 2 2 2 2 2 2 2 2 2 1 1 2 2 1 2 2 0 2 2 0 1 2 2 0 1 1 1 1 1 1 1 1 1 6 1 1 6 1 1 1 6 1 1 6 1 0 1 0 0 1 0 0 1 1 0 0 0 0 1 0 0 0 0 0 1 0 0 0 0 0 1 0 0 1 0 0 0 0 0 0 0 0 0 0 0 0 0 0 0 0 0 0 0 0 0 0 0 0 0 0 0 0 0 0 0 0 0 2 1 2 2 2 2 2 2 2 2 2 2 2 2 2 2 2 2 2 2 2 2 2 2 2 3 2 2 4 4 4 4 4 4 4 4 4 4 4 4 4 4 4 4 4 4 4 4 4 4 4 4 4 4 4 3 4 4 4 4 4 4 4 4 4 4 3 4 4 4 4 3 4 3 4 4 4 4 4 3 4 4 3 4 4 4 2 4 3 4 4 2 4 4 3 4 4 2 3 4 4 2 3 3 4 4 2 3 3 3 3 3 3 3 3 0 3 3 0 3 2 3 3 0 3 2 3 2 2 2 2 2 2 2 2 2 2 2 2 2 2 2 2 2 2 2 2 2 2 2 2 2 2 1 1 2 2 1 2 2 2 0 2 2 0 2 2 0 2 2 0 2 2 0 1 1 1 2 2 0 1 1 1 1 1 1 1 6 1 1 6 1 1 6 1 0 1 1 6 1 1 0 0 1 0 0 0 1 0 0 1 0 1 0 0 0 0 1 0 0 0 0 0 0 0 1 0 0 0 0 0 0 0 0 1 0 0 1 0 0 0 0 0 0 0 0 0 0 0 0 0 0 0 0 0 0 0 0 0 0 0 0 0 0 0 0 0 0 0 0 0 0 0 0 0 0 0 0 0 0 0 0 0 0 0 0 0 0 2 2 2 2 2 2 2 2 2 2 2 2 2 1 2 1 2 2 1 2 2 0 2 2 0 1 1 2 2 0 1 1 1 1 1 1 6 1 1 6 1 1 6 1 1 6 1 0 1 0 0 0 1 0 0 1 0 1 0 0 0 1 0 0 0 1 0 0 0 1 0 1 0 0 0 0 0 0 0 1 0 0 0 0 0 0 1 0 0 0 0 0 0 0 1 0 0 1 0 0 0 0 0 0 0 0 0 0 0 0 0 0 0 0 0 0 0 0 0 0 0 0 0 0 0 0 0 0 0 7 0 0 7 0 0 0 0 0 0 0 7 0 0 0 0 0 0 7 0 0 0 0 0 0 7 0 0 6 0 0 0 7 0 0 0 7 0 0 0 7 7 0 0 0 7 0 0 6 0 0 0 7 7 0 0 7 0 0 6 0 0 0 6 7 0 0 0 6 7 0 0 0 6 7 0 0 7 7 0 0 6 7 0 0 7 7 0 0 6 7 7 0 0 6 0 0 6 7 7 0 0 6 7 0 0 6 7 0 0 0 1 1 2 2 0 0 2 2 0 1 2 2 0 0 2 2 0 1 2 2 0 1 1 1 1 1 1 1 1 1 1 1 1 1 1 1 1 1 1 1 1 1 1 1 6 1 1 1 1 1 1 1 6 1 1 6 1 1 1 1 6 1 1 6 1 1 1 1 6 1 1 6 1 1 6 1 1 1 6 1 1 6 1 1 6 1 1 6 1 1 6 1 1 6 1 0 1 1 6 1 1 6 1 0 1 0 0 1 0 0 1 1 0 0 0 1 4 4 4 4 4
653 235 7 7 7 7 7 7 7 0 7 7 7 0 0 0 0 0
651 110 0 6 7 7 7 7 7 7 7 7 7 0 0 6 7 0 0 6 0 0 6 0 0 6 0 0 7 0 0 6 0 0 0 6 0 0 7 0 0 0 7 0 0 0 0 0 0 0 7 0 0 7 0 0 0 0 0 0 0 7 0 0 0 0 0 0 0 0 0 0 0 0 0 0 0 0 0 0 0 0 0 0 0 0 0 0 0 0 0 0 0 0 0 0 0 0 0 0 7 0 0 0 0 0 0 0 0 0 0 1 0 7 0 0 0 6 6 6 6 6 6 6 6 6 6 6 6 6 7 7 4 7 6 7 6 6 7 6 6 7 7 7 7 7 7 7 7 7 0 0 6 7 0 3 3 3 4 4 4 3 3 3 3 3 1 3 3 3 3 3 3
649 109 7 7 7 7 7 7 7 7 7 7 0 0 0
648 135 2 2 2 2 2 2 2 2 2 2 2 2 2 2 1 2 2 2 0 2 2 0 1 2 2 0 1 1 1 1 1 1 1 1 6 1 0 0 1 4 4 4 4 4
648 251 2 2 2 2 2 2 2 2 2 2 2 2 2 2 2 2 1 2 2 2 2 2 1 1 2 2 1 1 2 2 0 2 2 0 1 2 2 0 1 1 1 1 1 6 1 1 6 1 1 1 6 1 1 6 1 0 1 0 0 1 4 4 4
644 243 7 7 7 7 7 7 7 7 0 0 6 0 0 6 0 0 6 0 0 7 0 0 7 0 0 0 7 0 0 7 0 0 0 7 0 0 0 0 0 0 7 0 0 0 0 0 0 0 0 0 0 0 0 0 0 0 0 0 0 0 0 0 0 0 0 0 0 0 0 0 0 0 0 0 0 2 2 2
643 159 1 1 1 1 1 7 1 1 1 1 1
643 241 7 7 7 7 7 1 7 7 7 7 7
642 118 0 6 6 7 7 7 7 7 7 0 0 6 7 7 0 0 0 6 0 7 0 0 6 0 0 7 0 0 0 7 0 0 0 0 0 7 0
640 116 7 7 7 7 7 7 7 0 7 7 7 7 7
639 287 0 0 1 1 1 1 1 1 7 7 7
630 167 1 0 0 1 1 0 0 0 1 0 0 0 0 1 0 0 0 0 1 0 1 0 0 0 0 0 0 0 0 0 0 0 0 0 0 1 0 0 0 0
620 297 1 0 0 0 0 1 0 0 0 0 0 1 0 0 0 0 0 0 1 0 1 0 0 0 0 0 0 0 0 0 0 0 0 0 0 0 0 0 0 0 0 0 0 0 0 0 0 0 0 0 0 0 0 0 0 0 0 0 0 0 0 0 0 0 0 0 0 0 0 0 0 0 0 0 0 0 0 0 0 0 0 0 0 0 0 0 0 0 0 0 0 0 0 0 0 0 0 0 0 0 0 0 0 0 0 0 0 0 0 0 0 0 0 0 0 0 0 0 0 0 0 0 0 0 0 0 0 0 0 0 0 0 0 0 0 0 0 0 0 0 0 0 0 0 0 0 0 0 0 0 0 0 0 0 0 0 0 0 0 0 0 0 0 0 0 0 0 0 0 0 0 0 0 0 0 0 0 0 0 0 0 0 0 0 0 0 0 0 0
608 100 0 0 0 0 0 7 0 0 0 0 0 0 0 0 0 0 7 0 0 0 0 0 0 0 0 0 0 0 0 0 0 0 0 0 0 0 0 0 0 0 0 0 0 0 0 0 0 0 0 0 0 0 0 0 0 0 0 0 0 0 0 0 0 0 0 0 0 0 0 0 0 0 0 0 0 0 0 0 0 0 0 0 0 0 0 0 0 0 0 0 0 0 0 0 0 0 0 0 0 0 0 0 0 0 0 0 0 0 0 0 0 0 0 0 0 0 0 0 0 0 0 0 0 0 0 0 0 0 0 0 0 0 0 0 0 0 0 0 0 0 0 0 0 0 0 0 0
575 174 0 0 0 6 6 6 7 6 6 6 6 7 0 0 6 0
571 232 2 2 2 0 2 2 0 0 1 4 4 4
566 238 0 0 0 6 7 7 7 6 6 6 6 6 6 6 6 6 6 6 6 6 6 6 6 6 6 6 6 6 6 6 6 6 6 6 6 6 6 6 6 6 6 6 6 6 6 6 6 6 6 6 6 6 6 6 6 6 6 6 6 6 6 6 6 6 6 6 6 6 6 6 6 6 6 5 5 5 5 5
551 186 2 2 2 2 2 2 2 2 2 2 2 2 2 2 2 2 2 2 2 2 2 2 2 2 2 2
549 177 7 6 6 6 7 6 6 7 7 4 7 6 7 6 6 7 2 2 2
548 221 2 2 2 2 1 2 2 1 2 1 2 2 1 2 2 0 2 2 0 1 2 2 0 2 2 0 2 2 0 1 1 2 2 0 1 1 1 2 2 0 1 1 1 1 1 1 1 1 1 6 1 1 1 1 6 1 1 6 1 1 6 1 1 1 6 1 1 0 0 1 4 4 4
543 161 7 7 7 4 7 7 4 7 7 7 7 4 7 7 4 7 7 7 7 7 7 7 7 7 7 7 7 7 7 7 7 0 0 6 7 0 0 6 0 7 0 0 6 7 0 0 0 6 0 0 0 6 0 7 0 0 7 0 0 7 0
539 154 7 7 7 7 7 5 7 7 7 7 7 7 7 7 7 7 7 1 7 7 7 7 7 0 0 0
538 246 1 1 1 2 1 1 1 1 2 1 1 1 1 1 7 1 1 1 1 0
532 315 0 3 2 2 2 2 2 2 1 2 2 2 2 0 2 2 0 2 2 0 2 2 0 1 1 1 1 1 6 1 1 6 1 0 0 1 0 0 1 0 0 1 4 4 4
531 314 0 0 0 0 0 0 0 0 0 0 0 0 0 0 0 0 0 0 0 0 0 0 0 0 0 0 0 0 0 0 0 0 0 0 0 0 0 0 0 0 0 0 0 0 0 0 0 0 0 0 0 0 0 0 0 0 0 0 0 0 0 0 0 0 0 0 0 0 0 0 0 0 0 0 0 0 0 0 0
529 86 0 0 0 0 0 0 0 0 0 0 0 0 0 0 0 0 0 0 0
528 68 0 6 6 0 0 6 7 7 0 0 6 0 0 7 7 0 0 0 7 0 0 7 0 0 0 0 7 7 0 0 0 7 0 0 0 0 7 0 0 0 0 0 7 0 0 7 0 0 0 0 0 7 0 0 0 0 0 0 0 0 0 0 0 7 0 0 0 0 0 0 0 0 0 0 0 0 0 0 0 0 0 0 0 0 0 0 0 0 0 0
525 51 0 0 7 0 0 0 7 7 0 0 7 0 0 0 7 0 0 0 0 7 0 7 0 0 0 7 0 0 0 0 7 0 0 0 0 0 0 0 7 0 0 7 0 0 0 0 0 0 7 0 0 0 0 0 0 0 0 0 0 0 0 0 0 0 0 0 0 0 0 0 0 0 0 0 0 0 0 0 0 0 0 0 0 0 0 0 0 0 0 0 0 1 0 0 0 0 0 1 0 1 0 0 0 0 0 0 0 1 0 0 0 0 1 0 0 0 1 1 0 0 0 0 1 0 0 0 1 0 0 1 1 0 0 0 1 4 4 4 4 4
509 342 0 1 0 0 0 1 0 0 0 1 0 1 0 0 0 0 0 1 0 0 0 0 1 0 0 0 0 0 0
505 272 0 1 1 0 1 0 0 0 1 0 0
492 87 0 0 0 0 0 0 0 0 0 0 0 0 0
477 87 0 0 0 0 0 0 0 0 0 0 0 0 0 0 0 0 0 0 0 0 0 0 0 0 0 0 0 0 0 0 0 0 0 0 0 0 0 0 0 0 0 0 0 0 0 0 0 0 0 0 1 0 0 0 0 0 0 0
476 349 1 0 0 0 0 0 0 0 0 0 0 0 0 0 0 0 0 0 0 0 0 0 0 0 0 0 0 0 0 0 0 0 0 0 0 0 0 0 0 0 7
452 122 0 0 0 0 0 0 0 1 0 0 0 0 1 0 0 0 1 1 0 0 1 4 4 4
444 99 0 0 0 0 0 0 0 0 0 0 0 0 0 0 0 0 0 0 0 0 0 0 0 0 0 1 0 0 0 0 0 0 0 0 0 0 0
440 51 0 0 0 0 0 0 0 0 0 1 0 0 0 0
439 275 0 0 0 0 7 0 0 6 0 0 6 0 0 6 0 0 0 7 7 7 0 0 6 0 0 6 7 7 7 7 7 7 7 7 7 4 7 7 7 4 7 7 7 4 3 3 3 2 2 2 2 2
430 127 0 0 1 1 1 6 1 1 6 1 1 6 1 1 1 1 1 1 1 1 1 1 1 1 1 1 2 2 0 1 2 2 0 2 2 2 0 2
430 348 0 0 0 0 7 0 0 0 0 0 7 0 0 0 0 7
426 178 0 1 1 1 1 1 1 2 2 0 0 1 1 2 5 5 5 5 5 5 5 5 5 5 5 5
426 227 0 6 0 0 6 6 7 7 7 7 7 7 7 4 7 7 7 7 7 4 7 7 7 7 7 7 4 7 7 7 0
426 231 0 0 1 1 1 1 1 1 1 1 1 6 1 1 1 1 1 1 1 1 6 1
425 175 0 6 7 7 7 7 0 3 3 3 3 3 3
424 53 0 1 0 0 0 0 0 1 0 0 0 0 1 0 0 0 1 1 0 0 0 1 0 0 0 1 0 0 1 1 0 0 1 4 4 4
424 232 1 1 1 1 7 1 1 1 1 1 0
423 270 7 7 7 7 7 1 7 7 7 7 7 7 5 7 7 7 7 7 7 7 7 7
422 224 7 7 7 5 7 7 7 7 6 7 7 1
420 312 0 0 0 0 0 0 0 0 0 0 7 0 0 0 0 0 0 7 0 0 6 7 7 4
419 132 1 1 1 1 1 1 1 1 1 3 1 1 1 1 1 2 2 2
418 169 0 6 7 0 0 6 7 7 7 0 0 6 7 7 0 0 6 7 7 2 3 3 3 4 3 3 3 4 3 3 3 3 4 4 4 4 4
415 300 0 0 0 0 0 0 0 0 0 7 0
414 190 0 1 2 2 0 1 1 1 1 1 1 4 5 5 5 5 5 5 5 6 6 6
412 344 0 0 0 7 0 0 0 7 0 0 0 7 7 0 0 0 7 0 0 6 0 0 7 7 0 0 7 0 0 6 0 0 0 6 7 0 3 3 3 3 3
390 63 0 1 1 6 1 0 1 1 6 1 0 0 1 1 1 6 1 1 6 1 0 0 1 1 1 6 1 1 1 6 1 1 1 6 1 1 1 6 1 1 1 6 1 1 1 6 1 1 1 1 6 5 5 5 5 4 4 4 4 4
389 51 0 1 0 0 1 1 0 0 1 4 4 4
380 183 2 2 2 2 2 2 2 2 2 2 2 2 2 2 2 2 2 2 2 2 2 2 2 2 2 2 2 2 2 2 2 2 1 2 2 2 2 2 2 2 2 2 2 2 2
379 55 1 0 0 1 1 1 6 1 1 6 1 1 1 6 1 0 0 1 1 1 6 1 1 1 6 1 1 1 6 1 1 1 6 1 1 6 1 1 1 1 6 1 1 1 1 4
379 171 2 2 2 2 2 2 2 2 2 2 2
378 331 0 0 6 0 0 6 7 0 0 6 0 0 6 0 0 6 7 0 0 6 0 0 6 0 0 6 7 7 7 0 0 6 7 7 0 0 6 7 0 3 3 3 4 3 3 3 4 3 3 3 3 3 3
377 233 2 2 2 2 2 2 1 2 2 2 2 1 2 2 2 2 1 2 1 2 2 2 2 1 2 2 2 1 2 2 2 1 2 1 2 2 1 2 2 1 2 2 1 2 2 0 2 2 1 2 2 1 2 2 0 1 2 2 2 0 2 2 1 1 1 2 2 2 0 2 2 0 2 2 0 2 2 0 1 2 2 0 2 2 0 1 2 5 5 5 5 5 7 7 7
374 148 7 6 6 6 6 7 6 6 6 7 6 6 6 7 7 6 6 6 7 6 6 7 6 6 6 7 7 2 3 3 3 3 3
369 190 2 2 2 2 2 2 2 2 2 2 2 2 2 2 2 2 2 2 2 1 2 2 2 2 2 2 2 2 2 2 2 1 2 2 2 2 2 2 2 2 2 2
368 178 2 2 2 2 2 2 2 2 2 2 2
366 166 7 6 6 6 6 6 7 6 6 6 6 7 6 6 6 6 6 6 7 7 6 6 6 7 6 6 6 7 6 6 6 7 7 6 6 6 7 6 6 7 2 2 2
365 235 2 2 2 2 2 1 2 2 2 2 1 2 2 2 2 2
362 112 7 7 4 7 6 6 7 7 4 7 7 7 4 7 6 6 7 7 4 7 7 7 4 7 7 4 7 7 7 2
361 252 2 2 2 2 1 2 2 2 1 2 2 2 1 1 2 2 2 1 2 2 1 2 1 1 2 2 2 1 2 2 0 2 2 0 2 2 0 2 2 0 2 2 0 2 2 2 0 1 1 2 2 2 0 2 2 0 1 2 2 0 1 2 2 0 1 2 2 0 2 2 0 2 2 0 1 1 2 2 0 2 2 0 0 2 2 0 1 1 1 2 2 0 1 1 1 2 2 0 1 1 1 1 1 1 1 1 1 1 1 1 1 1 1 1 1 1 1 1 1 6 1 1 1 1 6 1 1 1 1 6 1 1 1 6 1 1 1 6 1 1 6 1 1 1 1 6 1 1 6 1 1 6 1 1 1 6 1 0 0 1 4 4 4 4 4
357 333 7 7 7 7 7 1 7 7 7 0 0 0
349 72 1 1 1 0 1 1 0 0 6 6 7 7 7 7 7 7 4 7 7 7 7 4 7 7 7 7 7 7 7 7 7 7 7 7 7 7 7 7 7 7 7 7 7 7 7 7 7 7 0 0 6 7 7 7 0 0 6 7 0 0 6 7 7 0 0 6 7 7 0 0 6 0 0 6 7 0 0 6 0 0 6 0 0 6 7 0 0 6 0 0 6 0 0 0 6 7 0 3 3 3 3 3
348 109 7 6 6 7 7 7 4 7 7 4 7 7 7 4 7 7 4 7 7 7 7 4 7 7 4 7 7 7 7 4 7 7 4 7 7 4 7 7 7 7 7 7 7 7 4 7 7 7 7 7 4 7 7 7 7 7 7 7 7 7 7 7 7 7 7 7 7 7 7 7 7 7 7 0 0 6 7 7 0 0 6 7 0 0 6 7 7 0 0 6 0 0 6 7 7 0 0 6 0 0 6 0 0 6 0 7 7 0 0 6 0 0 6 7 0 0 0 6 0 0 7 7 0 0 6 0 0 0 6 0 0 0 7 7 0 0 0 7 0 0 7 0 0 0 7 0 7 0 0 7 0 0 0 0 7 0 0 0 0 0 0 0 7
344 324 0 0 0 1 1 1 1 1 2 2 2
340 94 7 7 7 7 7 5 7 7 7 7 7 7 7
332 63 7 7 7 7 7 7 7 7 7 7 7 7 7 7 7 7 7 7 7 7 7 1 7 7 7 7 7 0 7 7 7 7 0 0 0
331 80 7 7 7 7 7 7 7 6 7 7 7 7 6 7 7 7 7 7 7 7 7 7 7 7 7 7 7 1 7 7 7 7 7 7 7 7 0 7 7 7 0 0 0
330 338 1 1 1 1 1 1 1 1 1 1 1 1 1 1 1 1 1 1 1
328 322 1 1 1 1 2 1 1 1 1 2 1 1 1 1 1 1 1 1 1 1 1 1 1 1 1 1 1 1 7 1 1 1 0 1 1 1 0 1 1 1 0 0 0
309 357 1 1 1 0 1 1 1 1 1 1 1 1 7 1 1 1 1 1 7 1 1 1 1 1 1 1
296 32 7 7 7 0 7 7 7 7 7 1 1 1
289 41 7 7 7 7 7 1 7 7 7 7 7
281 169 2 2 2 2 2 2 2 2 2 2 2 2 2 2 1 2 2 2 1 2 2 1 1 2 2 0 2 2 0 2 2 0 2
281 217 2 2 2 2 2 2 2 2 2 2 2 2 2 2 1 2 2 2 1 2 2 2 0 2 2 0 2 2 0 2 2 0 2 2 0 1 1 2 2 0 1 1 1 1 1 6 1 1 1 6 1 1 6 1 0 1 0 1 0 1 0 0 0 0 0 0 0 0 0 0 0 0 0 7 0 7 0 7 0 0 0 6 0 0 6 7 7 0 0 6 7 7 7 7 7 7 7 7 4 7 7 7 4 7 6 6 7 2 2 2 2 2
277 206 0 6 6 6 7 7 2 3 3 3 3 3
274 151 0 6 7 7 7 7 7 7 7 0 0 6 0 0 6 7 0 3 3 3 3 3 5 3 3 3 3 3 3 3 3 3 3 3 3
269 15 0 0 6 0 0 0 6 0 0 6 0 7 0 0 7 0 0 0 7 7 0 0 7 0 0 0 0 7 0 0 0 7 7 0 0 0 0 0 7 0 0 0 0 7 0 0 0 0 0 0 0 0 0 0
269 167 2 2 2 2 2 2 2 2 2 2 2 2 2 2 2 2 2 1 2 2 0 2 2 2 0 1 2 2 0 1 1 1 2 2 0 2 2 2 2 2 3 3 3 3 3 0 3 3 3 0 3 2 3 2 3 2 2 2 2 2 2 2 2 2 2 2 2 2 2 2 2 2 1 2 2 1 2 2 0 1 1 2 2 0 0 1 2 2 0 0 1 1 1 6 1 1 0 0 0 0 0 0 0 0 0 0 0 0 0 7 7 0 0 6 0 0 6 7 7 7 7 7 7 7 4 7 6 7 6 6 7 7 4 7 6 6 6 6 6 6 6 6 6 6 6 6 6 6 5 5 5 5 5 5 5 5 5 5 5 5 6 6 4 6 5 6 6 7 6 7 6 6 7 7 7 7 7 7 7 7 7 7 7 7 2 3 3 3 3 3 5 3 3 3 3 3 3 1 1 1
267 371 1 1 1 6 1 0 0 1 4 4 4 4 4
266 160 0 6 6 7 7 7 7 7 7 7 0 0 6 0 0 0 0 0 7 0
266 240 1 1 1 1 1 1 1 1 1 1 1
259 139 0 0 7 0 0 0 0 0 0 0 0 0 0 0 0 0 0 0 0 1 0 0 0 1 0 0 1 1 1 6 1 1 1 1 1 1 1 1 1 1 2 2 0 1 2 2 1 1 2 2 2 1 2 2 2 2
259 375 1 0 0 1 1 0 0 1 0 0 1 0 0 0 1 1 0 0 0 1 0 0 0 0 1 0 0 0 0 0
250 391 0 1 0 0 1 0 1 0 0 0 0 0 1 0 0 0 1 0 0 0 0 1 0 1 0 0 0 0 0 0 0 0 0
246 149 0 0 1 0 0 0 0 1 1 1 1 6 1 1 1 1 1 1 1 2 2 2 0 2 2 2 0 1 2 2 2 2 2 2 2 2 2 2 2 2 2 2
239 151 0 0 1 1 1 0 1 1 1 3 1 1 1 1 1 1
237 206 1 1 1 1 1 1 1 7 1 1 1 1 1
230 257 7 7 7 0 7 7 7 7 7 7 5 5 5
227 144 1 1 1 1 1 3 1 1 1 1 2 2 2
227 386 0 0 0 0 0 0 0 1 0 0 0 0 0 0 0 0 0 0 1 0 0 0 0 0 0 0 0 0 0 0 0 0 0 0 0 0 0 0 0 0 0 0 0 0 7 0 0 0 0 0 0 0 7 0 0 0 0 0 0 0 0 7 0 7 0 0 0 0 7 0 0 0 0 7 0 0 0 7 7 0 0 0 7 0 0 7 0 0 7 7 0 0 7 0 0 6 0 0 0 6 0 0 6 7 0 0 6 0 0 0 6 7 0 0 6 0 0 6 7 0 0 6 7 0 0 6 0 0 6 7 0 0 6 7 0 0 6 7 7 0 0 6 7 7 7 0 0 6 7 7 7 0 0 6 6 7 0 0 6 7 7 7 7 7 7 7 7 7 7 7 7 7 7 7 7 7 4 7 7 7 7 7 4 7 7 7 7 4 7 7 7 4 7 7 7 7 4 7 7 4 7 7 7 7 4 7 7 4 7 6 6 0 0 6 6 6 7 7 4 7 7 7 4 7 6 6 7 7 6 6 7 7 4 7 6 6 7 7 6 6 7 2 2 2
219 12 0 0 0 0 0 0 0 7 0 0 0 0 0 0 0 0 0 0 0 0 0 0 0 0 0 0 0 0 0 0 0 0 0 0 0 0 0 0 1 0 0 0 0 0 0
216 238 7 6 6 6 6 7 6 7 6 6 6 6 6 6 6 6 6 6 6 6
214 215 0 6 7 7 7 7 7 2 3 3 3 3 3 3
213 170 2 2 2 2 2 2 2 2 2 2 2
213 183 2 2 0 1 1 1 2 2 0 2 2 1 2 2 2 2
195 117 2 2 2 2 2 2 2 2 1 1 1 2 2 0 1 1 6 1 0 1 1 0 0 0 0 0 7 0 0 6 7 7 0 0 6 7 7 4 7 6 7 7 6
195 274 0 3 2 2 2 2 2 2 2 0 1 2 2 2 0 1 1 1 1 6 1 1 0 0 0 0 0 0 0 7 0 0 6 7 7 7 7 7 2 3 3 3 3 3 3 3 3
193 271 0 6 7 7 7 0 3 3 3 3 3 3 3 3 3
192 112 0 6 7 0 0 6 0 7 0 0 0
187 266 0 0 0 0 0 0 0 0 0 1 1 6 1 1 1 1 1 2 2 1
181 108 0 0 1 1 6 1 1 1 1 1 1 2 1 2 1 2
176 2 0 0 0 0 0 0 0 0 0 0 0 1 0 0 0 0 0 1 0 0 0 1 1 0 0 0 0 0 1 0 0 0 1 0 0 1 1 0 0 0 1 4 4 4 4 4
176 398 0 0 0 0 0 0 0 0 0 7 0 7 0 0 0 0 7 0 0 0 7 0 0 0 0 0 7 7 0 0 0 7 0 0 7 0 0 0 7 7 0 0 7 0 0 7 0 0 6 7 0 0 7 0 0 0 6 0 7 7 0 0 6 0 0 6 0 0 6 7 0 0 6 0 0 6 0 0 6 7 7 0 0 6 0 0 6 7 0 0 6 7 7 7 0 0 6 0 0 6 7 7 7 7 7 0 3 3 3 3 3 3 3 3 3 5 3 3 3 3 4 4 4 4 4
169 14 0 0 0 0 0 1 0 0 0 0 0 1 0 0 1 0 1 0 0 0 1 0 0 0 1 0 0 0 1 1 4 5 5 5 5 5
143 82 0 3 2 2 2 2 2 2 2 2 2 2 2 2 2 2 2 2 2 2 2 2 2 2 2 2 2 2 2 2 2 2 2 2 2 2 2 2 2 2 2 2 2 2 2 2 2 2 2 2 2 2 2 2 2 2 2 2 2 2 2 2 2 2 2 2 2 2 2 2 0 1 2 2 0 1 0 0 0 0 0 7 7 7 7 7 2 3 3 3 3 3
143 248 0 3 2 2 2 2 2 2 2 2 2 2 2 2 2 2 2 2 2 2 2 2 2 2 2 2 2 2 2 2 2 2 2 2 2 2 2 2 2 2 2 2 2 2 2 2 2 2 2 2 2 2 2 2 2 2 2 2 2 2 2 2 2 2 2 2 2 2 2 2 2 0 0 1 1 1 4 5 5 5 5 5 5
142 81 0 6 7 0 3 3 3 3 3 3 3
138 22 0 1 0 0 1 1 1 6 1 0 0 1 4 4 4 4 4
138 78 0 0 0 0 1 1 1 1 1 2 2 2 2 2 2 2 2 2 2 2 2 2 2 2 2 2 2 2 2 2 2 2 2 2 2 2 2 2 2 2 2 2 2 2 2 2 2 2 2 2 2 2 2 2 2 2 2 2 2 2 2 2 2 2 2 2 2 2 2 2 2 2 2 2 2
135 244 0 0 1 1 1 2 5 5 5 5 5
135 321 0 0 6 7 7 7 7 6 6 6 6 6 6 6 6 6 6 6 6 6 6 6 6 6 6 6 6 6 6 6 6 6 6 6 6 6 6 6 6 6 6 6 6 6 6 6 6 6 6 6 6 6 6 6 6 6 6 6 6 6 6 6 6 6 6 6 6 6 6 6 6 6 6 6
134 11 0 1 1 6 1 1 6 1 1 6 1 0 0 1 1 6 1 1 6 1 1 6 1 1 6 1 1 1 6 1 1 6 1 0 0 1 1 1 1 6 1 1 1 1 6 1 1 6 1 1 1 1 1 6 1 1 1 1 6 1 1 1 1 1 1 6 1 1 1 1 1 1 1 1 1 1 1 1 1 1 1 6 0 0 0 0 0 7 0 0 0 0 0 7 0 0 0 0 0 0 0 0 0 0 0 0 0 0 0 1 0 0 0 0 0 1 0 0 0 1 1 6 1 1 6 1 0 0 1 1 1 6 1 1 6 1 1 1 1 1 1 1 1 1 1 1 1 1 1 2 2 0 2 2 1 2 2 0 2 1 2 2 2 2
126 27 0 1 1 1 6 1 1 6 1 1 6 1 1 1 6 1 1 6 1 1 6 1 1 1 1 6 1 1 1 1 6 1 1 6 1 1 1 1 1 6 1 1 1 1 1 6 1 1 1 1 1 1 1 1 1 1 1 1 1 1 1 1 1 1 1 1 1 1 2 2 0 1 1 1 1 2 2 0 1 1 2 5 5 5 5 6 5 5 5 5 5 6 5 5 5 5 5 5 5 7 5 5 5 5 5 5 5 5 5 5 3 5 5 5 7
109 36 1 1 1 0 1 1 1 1 1 7 1 1 1 1 0 1 1 1 1 1 1 1 1 1 1 2
102 27 1 1 1 1 1 7 1 1 1 1 0 1 1 1 0 1 1 1 1 1 0 1 1 1 1 1 1 1 1 1 1 1 1 1 1 1 1
101 357 7 7 7 0 7 7 7 7 0 7 7 7 7 7 7 7 0 7 7 7 7 7 7 7 7 7 7 7 7 7 5 7 7 7 7 6 7 7 7 7 6 7 7 7 6 6 6
82 356 0 6 7 7 7 7 7 7 7 7 7 7 7 7 0 0 7 1 0 0 0 1 0 0 0 0 0 1 0 0 1 0 0 0 0 0 0 0 0 7 0 7 0 0 0 0 0 7 0 0 0 7 0 0 0 6 0 0 6 0 0 6 0 0 6 0 0 6 7 0 0 6 7 0 3 3 3 4 4 4 4 4
80 355 7 7 7 7 7 7 7 7 7 7 7 7 7 7 7
60 84 1 2 2 0 1 2 2 0 1 2 2 0 1 2 2 0 2 2 0 2 2 0 1 2 2 0 2 2 1 1 1 2 2 2 0 2 1 2 2 0 2 2 0 2 2 0 2 2 2 1 1 2 2 2 0 2 2 1 2 2 2 1 2 2 1 1 2 2 2 1 2 2 2 1 2 2 2 1 2 1 2 2 2 2 2 2 1 2 2 2 2 1 2 2 2 2
59 312 7 7 7 7 7 5 7 7 7 7 7 7 7
58 66 0 0 0 0 0 0 0 0 0 0 0 0 0 0 0 0 0 0 0 1 0 0 0 1 0 0 1 1 6 1 1 6 1 1 1 1 6 1 1 1 1 1 1 1 1 2 2 0 1 2 5 5 5 5 5
58 330 0 6 7 7 7 7 7 4 7 7 7 7 4 7 7 7 4 7 7 7 4 7 7 4 7 7 7 4 7 7 7 4 7 7 4 7 7 4 7 7 4 7 7 4 7 6 6 7 7 7 4 7 7 4 7 6 6 7 7 7 4 7 6 6 7 6 7 6 6 7 7 4 7
54 73 1 1 2 2 0 1 1 2 2 0 1 2 2 0 1 2 2 0 2 2 0 1 1 2 2 2 0 1 2 2 2 0 1 2 2 0 2 2 0 2 2 0 2 2 0 2 1 2 2 1 2 2 0 2 2 0 2 2 2 0 2 2 1 1 2 2 0 2 2 0 0 6 7 7 7 7 7 4 7 7 7 4 7 7 4 7 7 4 7 7 6 7 6 6 6 6 7 6 6 6
54 334 0 0 0 0 0 0 0 0 0 0 0 0 0 7
38 273 7 6 6 7 6 6 6 7 6 7 6 7 6 6 6 7 6 6 6 7 6 6 6 7 6 7 6 6 6 6 6 7 6 6 6 6 6 7 6 6 6 6 6
38 332 0 0 7 0 0 0 6 0 0 0 6 7 7 0 0 6 7 0 0 6 7 7 7 7 7 7 2 3 3 3 3 3 3 3 4 4 4 4 4
28 329 7 7 7 7 7 7 7 7 7 7 7 7 7 7 7 4 7 6 6 7 2 2 2 2 2
26 71 1 1 1 0 1 1 1 1 1 1 1 1
26 226 7 6 6 6 6 6 6 6 6 6 6 6 6 6 6 6 7 6 6
25 174 2 2 2 2 2 2 2 2 2 2 2 2 2 2 2
23 272 2 2 0 1 1 2 2 0 1 1 1 2 2 0 2 2 0 1 2 2 2 1 2 2 2 1 2 2 2 2
21 139 0 3 2 2 2 0 2 2 2 1 2 2 2 1 2 1 2 2 2 2 2 2 1 2 2 2 2 2 2 1 2 2 2 2 2 2 2 1 2 1 2 2 2 2 2 2 2 2 2 2 2 2 2 2 2 2 2 2 2 2 2 2 2 2 2 2 2 2 2 2 2 2 2 2 2 2 2 2 2 2 2 2 2 2 2 3 2 3 2 2 2 2 2 2 2 2 3 2 2 2 2 2 3 2 2 2 2 2 2 3 2 3 2 2 2 3 2 2 2 3 2 2 1 2 2 0 0 1 1 1 1 1 1 1 1 1 1 2 2 0 1 2 2 0 2 2 0 2 2 1 1 2 2 1 2 2 2 2 2
20 138 0 6 7 7 7 0 0 6 7 7 7 7 7 7 4 7 7 4 7 7 7 4 7 7 4 7 6 7 6 6 7 7 6 6 6 6 6
17 63 1 1 1 1 1 1 1 1 1 1 3 1 1 1 1 1 1
16 265 1 1 7 1 1 3 1 1 1 1 1 2 2 2
14 333 0 6 6 7 7 7 7 7 7 7 7 4 7 7 4 7 7 4 7 6 6 7 7 6 6 6 6
12 331 7 7 7 7 7 5 7 7 7 7 7 7 7
